0 0.425 0.634375 0.01875 0.046875
0 0.13984375 0.62890625 0.0203125 0.0484375
0 0.60234375 0.6203125 0.01953125 0.05078125
0 0.88046875 0.62578125 0.01640625 0.05
1 0.8109375 0.534375 0.06328125 0.03515625
1 0.67421875 0.5328125 0.06015625 0.0375
1 0.34921875 0.5359375 0.06484375 0.034375
1 0.2140625 0.534375 0.0640625 0.0375
2 0.2796875 0.68203125 0.0828125 0.0484375
2 0.7390625 0.67890625 0.0703125 0.046875
3 0.88671875 0.5734375 0.02890625 0.1515625
3 0.5953125 0.57109375 0.034375 0.1484375
3 0.43203125 0.58046875 0.0328125 0.15390625
3 0.13046875 0.5765625 0.03828125 0.15078125